1	Zhou10	5s5p	3P0	5s6s	3S1	1	14721.275	2.7730	679.3	10.226	1.0828	84.99630587	47.17	155.89	2.178522569
2	Zhou10	5s5p	3P0	5s7s	3S1	1	23107.193	4.3526	432.8	1.402	1.0517	11.99771798	1.07	1.49	0.4101857105
3	Zhou10	5s5p	3P0	5s8s	3S1	1	26443.920	4.9811	378.2	0.954	1.0450	8.216267943	0.42	0.54	0.2763839015
4	Zhou10	5s5p	3P0	5s9s	3S1	1	28133.680	5.2994	355.4	0.525	1.0422	4.533678756	0.18	0.22	0.1868388323
5	Zhou10	5s5p	3P0	5s10s	3S1	1	29110.080	5.4833	343.5	0.320	1.0408	2.767102229	0.10	0.12	0.1385916925
6	Zhou10	5s5p	3P0	5s4d	3D1	5	3841.536	0.7236	2603.1	0.290	1.2660	0.412322275	288.49	-31.22	2.752130007
7	Zhou10	5s5p	3P0	5s5d	3D1	5	20689.423	3.8972	483.3	35.732	1.0544	60.99924127	42.25	65.31	2.444181215
8	Zhou10	5s5p	3P0	5s6d	3D1	5	25368.383	4.77851944	394.1914627	14.303	1.0457	24.62025438	7.48	9.78	1.138942236
9	Zhou10	5s5p	3P0	5s7d	3D1	5	27546.880	5.188872369	363.0175178	8.223	1.0424	14.19934766	3.093772011	3.863257613	0.7631920314
10	Zhou10	5s5p	3P0	5s8d	3D1	5	28749.180	5.415343797	347.8360078	4.920	1.0407	8.509656962	1.56031017	1.909498834	0.553696357
11	Zhou10	5s5p	3P0	5s9d	3D1	5	29490.280	5.554941214	339.0947797	3.184	1.0400	5.510769231	0.912021674	1.103866679	0.4287414706
12	Zhou10	5s5p	3P0	5p2	3P1	3	21082.618	3.9712	474.3	41.492	1.0373	120	45.50	68.95	2.560487634
